,timestamp,Sales Forecast,storeId
0,2019-02-01,44.9427604675293,1
1,2019-02-02,64.27565002441406,1
2,2019-02-03,70.65450286865234,1
3,2019-02-04,82.03583526611328,1
4,2019-02-05,89.8441390991211,1
5,2019-02-06,93.09418487548828,1
6,2019-02-07,101.45857238769531,1
7,2019-02-08,109.2928466796875,1
8,2019-02-09,117.94387817382812,1
9,2019-02-10,120.31565856933594,1
10,2019-02-11,122.61844635009766,1
11,2019-02-12,124.16578674316406,1
12,2019-02-13,125.08953857421875,1
13,2019-02-14,127.26524353027344,1
14,2019-02-15,128.95220947265625,1
15,2019-02-16,130.25340270996094,1
16,2019-02-17,130.84542846679688,1
17,2019-02-18,131.07357788085938,1
18,2019-02-19,131.25848388671875,1
19,2019-02-20,131.36273193359375,1
20,2019-02-21,131.54534912109375,1
21,2019-02-22,131.72923278808594,1
22,2019-02-23,131.92044067382812,1
23,2019-02-24,132.11744689941406,1
24,2019-02-25,132.2958526611328,1
25,2019-02-26,132.47097778320312,1
26,2019-02-27,132.62838745117188,1
27,2019-02-28,132.7710418701172,1
