,timestamp,Sales Forecast,storeId
0,2019-02-01,134.99613295567696,1
1,2019-02-02,157.08152020478025,1
2,2019-02-03,145.98405881464402,1
3,2019-02-04,142.8953955320005,1
4,2019-02-05,143.97646874547777,1
5,2019-02-06,139.39887572589257,1
6,2019-02-07,144.05117528756531,1
7,2019-02-08,141.53812785082405,1
8,2019-02-09,142.90171617067588,1
9,2019-02-10,142.1679455220615,1
10,2019-02-11,142.5688996499816,1
11,2019-02-12,142.35593868857256,1
12,2019-02-13,142.47512147223716,1
13,2019-02-14,142.41460600559145,1
14,2019-02-15,142.45131188254632,1
15,2019-02-16,142.43541852920717,1
16,2019-02-17,142.4479827030432,1
17,2019-02-18,142.44515062776307,1
18,2019-02-19,142.45064831653406,1
19,2019-02-20,142.45163939017925,1
20,2019-02-21,142.45506865772373,1
21,2019-02-22,142.45717880008786,1
22,2019-02-23,142.4600026228701,1
23,2019-02-24,142.462440326316,1
24,2019-02-25,142.46508693018583,1
25,2019-02-26,142.4676205135902,1
26,2019-02-27,142.47021524395333,1
27,2019-02-28,142.47277689224987,1
