,timestamp,Sales Forecast,storeId
0,2019-02-01,137.62407075169494,1
1,2019-02-02,162.30141221757205,1
2,2019-02-03,143.4975542639331,1
3,2019-02-04,134.03731753800392,1
4,2019-02-05,149.01988593572,1
5,2019-02-06,149.34008288958012,1
6,2019-02-07,137.76965240421902,1
7,2019-02-08,140.35090164373185,1
8,2019-02-09,151.7972918583665,1
9,2019-02-10,143.28112913701085,1
10,2019-02-11,137.06608032969723,1
11,2019-02-12,146.94458504461534,1
12,2019-02-13,149.28090154357537,1
13,2019-02-14,138.48254257439964,1
14,2019-02-15,141.2227714556399,1
15,2019-02-16,149.96379257594324,1
16,2019-02-17,143.9429864361703,1
17,2019-02-18,138.04070094196095,1
18,2019-02-19,146.3717819393798,1
19,2019-02-20,148.32137864801143,1
20,2019-02-21,139.73471103871194,1
21,2019-02-22,141.44380827034865,1
22,2019-02-23,148.89785860947563,1
23,2019-02-24,144.102998590652,1
24,2019-02-25,139.12859079299326,1
25,2019-02-26,145.72990726749833,1
26,2019-02-27,147.67538103910633,1
27,2019-02-28,140.61067876910963,1
