,timestamp,Sales Forecast,storeId
0,2019-02-01,73.23727251331644,1
1,2019-02-02,76.25165125559033,1
2,2019-02-03,71.34658487501169,1
3,2019-02-04,63.38706013720043,1
4,2019-02-05,57.58197969408588,1
5,2019-02-06,58.40899900880534,1
6,2019-02-07,65.51089764110485,1
7,2019-02-08,73.00102047169901,1
8,2019-02-09,75.79230697103208,1
9,2019-02-10,71.21812661112125,1
10,2019-02-11,63.20706145820593,1
11,2019-02-12,57.38175447265548,1
12,2019-02-13,58.418137077948124,1
13,2019-02-14,65.27595289956763,1
14,2019-02-15,72.91855667411455,1
15,2019-02-16,75.46573684628177,1
16,2019-02-17,71.05153406907556,1
17,2019-02-18,62.964240232952804,1
18,2019-02-19,57.29605963703505,1
19,2019-02-20,58.294742219674056,1
20,2019-02-21,65.16903359028005,1
21,2019-02-22,72.72222959253581,1
22,2019-02-23,75.23317937288336,1
23,2019-02-24,70.81255558281798,1
24,2019-02-25,62.775709647553434,1
25,2019-02-26,57.17271042020378,1
26,2019-02-27,58.195470190579336,1
27,2019-02-28,65.0467823279984,1
