,timestamp,Sales Forecast,storeId
0,2019-02-01,67.5965732422099,1
1,2019-02-02,67.35738279315906,1
2,2019-02-03,66.48757640508256,1
3,2019-02-04,67.08081876208979,1
4,2019-02-05,65.35469133699702,1
5,2019-02-06,64.89969440553718,1
6,2019-02-07,65.37040665860283,1
7,2019-02-08,64.98320674822668,1
8,2019-02-09,65.19369862627809,1
9,2019-02-10,64.98778951460514,1
10,2019-02-11,65.07197939308159,1
11,2019-02-12,64.95406258554509,1
12,2019-02-13,64.97694982737843,1
13,2019-02-14,64.90174145095166,1
14,2019-02-15,64.89487450621596,1
15,2019-02-16,64.84039532998179,1
16,2019-02-17,64.81908672878782,1
17,2019-02-18,64.77466879173899,1
18,2019-02-19,64.74635070834074,1
19,2019-02-20,64.70681614995601,1
20,2019-02-21,64.67509590553045,1
21,2019-02-22,64.63793157080683,1
22,2019-02-23,64.60456003469973,1
23,2019-02-24,64.56854612483357,1
24,2019-02-25,64.53437310866849,1
25,2019-02-26,64.49891757537009,1
26,2019-02-27,64.46435554841389,1
27,2019-02-28,64.42917103185282,1
